[0m[38;2;255;255;255m[1m$$$$$$$$$$$$$$$$$$$$$$$$$$$$$$$$$$$$$$$$$$$$$$$$$$$$$$$$$$$$$$$$$$$$$$$$$$$$$$$$$$$$$$$$$$$$$$$$$$$$$$
[38;2;255;255;255m[1m$$$$$$$$$$$$$$$$$$$$$$$$$$$$$$$$$$$$$$$$$$$$$$$$$$$$$$$$$$$$$$$$$$$$$$$$$$$$$$$$$$$$$$$$$$$$$$$$$$$$$$
[38;2;255;255;255m[1m$$$$$$$$$$$$$$$$$$$$$$$$$$$$$$$$$$$$$$$$$$$$$$$$$$$$$$$$$$$$$$$$$$$$$$$$$$$$$$$$$$$$$$$$$$$$$$$$$$$$$$
[38;2;255;255;255m[1m$$$$$$$$$$$$$$$$$$$$$$$$$$$$$$$$$$$$$$$$$$$$$$$$$$$$$$$$$$$$$$$$$$$$$$$$$$$$$$$$$$$$$$$$$$$$$$$$$$$$$$
[38;2;255;255;255m[1m$$$$$$$$$$$$$$$$$$[38;2;254;255;255m@@[38;2;255;255;255m$$$$$$$$$$$$$$$$$$$$[38;2;238;246;237m8[38;2;239;79;81m[1m/[38;2;234;73;89m=[38;2;200;84;93m[22m/[38;2;165;83;83m|[38;2;243;76;93mt[38;2;248;78;81mt[38;2;244;74;83m/[38;2;243;74;81m/[38;2;172;49;65m][38;2;252;254;245m@[38;2;255;254;252m@[38;2;255;255;255m$$$$$$$$$$$$$$$$$$$$$$$$$$$$$$$$$$$$
[38;2;255;255;255m[1m$$$$$$$$$$$$[38;2;253;255;253m@[38;2;247;255;255m@[38;2;155;162;167mJ[38;2;238;244;218m&[38;2;220;203;189mb[38;2;230;240;243m&[38;2;224;203;184mb[38;2;252;247;255mB[38;2;255;255;255m$$$$$$$$[38;2;254;255;255m@[38;2;255;250;252mB[38;2;104;94;93m[1m/[38;2;121;107;107m[22m/[38;2;28;28;24m:[38;2;28;26;27m:[38;2;212;195;197mp[38;2;216;199;201mdddd[38;2;214;196;194mp[38;2;247;78;85mt[38;2;247;76;84mt[38;2;253;74;77mt[38;2;160;30;38m[1m\[38;2;255;250;251m[22mB[38;2;254;255;255m@[38;2;255;255;255m$$$$$$$$$$$$$$$$$$$$$$$$$$$$$$
[38;2;255;255;255m[1m$$$$$$$$$$$$$$[38;2;181;186;192mm[38;2;204;205;212mb[38;2;190;142;0mc[38;2;159;92;39m|[38;2;162;91;23m|[38;2;225;206;185mk[38;2;206;194;180mq[38;2;255;255;255m$$$$$$[38;2;255;254;255m@[38;2;130;111;113m[1m/[38;2;113;88;91m/[38;2;38;14;16m[22m"[38;2;31;23;22m,[38;2;30;27;24m:[38;2;41;30;34m[1mj[38;2;216;199;201m[22mddd[38;2;218;198;201md[38;2;214;200;201md[38;2;216;199;201md[38;2;210;190;193mq[38;2;144;95;91m\[38;2;248;75;81mt[38;2;247;76;84mt[38;2;246;81;87mf[38;2;176;48;61m[1m\[38;2;254;255;254m[22m@[38;2;254;255;252m@[38;2;255;255;255m$$$$$$$$$$$$$$$$$$$$$$$$$$
[38;2;255;255;255m[1m$$$$$$$$$$$$$$[38;2;251;255;253m@[38;2;236;241;248m&[38;2;198;190;189mw[38;2;232;187;142mq[38;2;218;202;199mb[38;2;181;173;170m0[38;2;252;250;247mB[38;2;255;255;255m$$$$[38;2;254;255;255m@[38;2;207;193;192mq[38;2;55;37;37m[1mj[38;2;39;15;16m[22m"[38;2;45;10;18m^[38;2;26;25;21m,[38;2;41;18;22m,[38;2;216;199;201mdd[38;2;106;73;80m[1m/[38;2;43;16;19m=[38;2;44;28;27m=[38;2;38;32;30m\[38;2;214;200;201m[22md[38;2;176;145;161mY[38;2;169;143;156mX[38;2;222;74;88m\[38;2;247;76;85mt[38;2;247;76;84mtt[38;2;189;47;61m[[38;2;255;254;255m@[38;2;255;255;255m$$$$$$$$$$$$$$$$$$$$$$$$$$
[38;2;255;255;255m[1m$$$$$$$$$$$$$$$$$$[38;2;255;254;255m@[38;2;245;255;254m@[38;2;251;255;255m@[38;2;253;255;254m@[38;2;88;61;66m[1m/[38;2;10;24;13m\[38;2;255;255;255m[22m$$[38;2;151;126;130m[1mj[38;2;53;37;36mj[38;2;48;28;28m[22m;[38;2;45;27;27m;[38;2;39;18;19m"[38;2;26;29;24m[1m/[38;2;214;200;201m[22md[38;2;108;80;85m{[38;2;30;24;24m[1m/[38;2;39;18;23m[22m"[38;2;29;27;26m:[38;2;31;25;25m:[38;2;28;26;25m[1m|[38;2;220;202;204m[22mb[38;2;173;144;166mX[38;2;172;144;169mX[38;2;142;90;100m|[38;2;242;76;86mt[38;2;247;76;84mtt[38;2;244;77;85mt[38;2;212;72;81m|[38;2;253;255;254m@[38;2;255;255;255m$$$$$$$$$$$$$$$$$$$$$$$$
[38;2;255;255;255m[1m$$$$$$$$$$$$$$$$$$$$$$[38;2;81;11;35m:[38;2;244;74;85m/[38;2;251;73;87mt[38;2;55;55;53m<[38;2;167;56;73m[[38;2;211;188;192mq[38;2;52;34;34m[1m\[38;2;44;28;27m=[38;2;49;21;24m/[38;2;186;160;163m[22mC[38;2;215;203;203mb[38;2;123;92;98m([38;2;41;17;21m"[38;2;30;22;21m,[38;2;29;25;27m,[38;2;28;27;23m:[38;2;28;26;27m:[38;2;33;27;27m:[38;2;173;145;159mX[38;2;173;143;169mX[38;2;177;140;168mX[38;2;122;48;73m_[38;2;238;71;81m\[38;2;248;77;86mt[38;2;243;72;81m/[38;2;247;76;84mtt[38;2;238;77;82m[1ml[38;2;255;255;255m[22m$$$$$$$$$$$$$$$$$$$$$$$$
[38;2;255;255;255m[1m$$$$$$$$$$$$$$$$$$[38;2;254;255;255m@[38;2;250;255;255m@[38;2;235;72;77m\[38;2;247;76;84mtt[38;2;243;77;81mt[38;2;180;49;57m][38;2;207;205;202mb[38;2;214;197;199md[38;2;216;199;201mddd[38;2;217;199;201md[38;2;46;33;30m[1m|[38;2;40;32;31m[22m;[38;2;46;11;17m^[38;2;38;20;22m,,[38;2;25;29;20m:[38;2;176;142;151mX[38;2;173;143;168mXX[38;2;201;182;188mm[38;2;70;30;44ml[38;2;115;49;51m_[38;2;76;29;45ml[38;2;121;32;84m<[38;2;131;25;75m>[38;2;119;29;88m<[38;2;247;77;80mt[38;2;247;76;82m[1m\[38;2;204;160;161m[22mL[38;2;255;255;255m@@[38;2;255;255;255m$$$$$$$$$$$$$$$$
[38;2;255;255;255m[1m$$$$$$$$$$$$$$$$$$$$[38;2;225;63;84m[1mj[38;2;246;76;85m[22mt[38;2;247;76;84mtt[38;2;187;61;88m1[38;2;196;62;89m1[38;2;198;178;179mZ[38;2;216;199;201mdddd[38;2;183;163;166mL[38;2;54;32;33mI[38;2;45;25;25m:[38;2;45;32;30mI[38;2;51;9;17m^[38;2;35;24;26m:[38;2;178;143;149mX[38;2;173;143;168mX[38;2;172;144;169mX[38;2;208;184;194mw[38;2;67;33;45m![38;2;68;28;42ml[38;2;63;28;38mI[38;2;68;28;42ml[38;2;97;44;54m<[38;2;139;41;80m_[38;2;121;32;74m<[38;2;137;11;47ml[38;2;150;8;57m![38;2;129;36;81m~[38;2;133;51;63m-[38;2;255;255;255m@[38;2;255;255;255m$$$$$$$$$$$$$$$$
[38;2;255;255;255m[1m$$$$$$$$$$$$$$$$$$[38;2;255;255;255m@[38;2;225;63;86m[1mL[38;2;249;75;85m[22mt[38;2;243;79;80mt[38;2;240;70;83m\[38;2;130;34;85m~[38;2;118;29;81m>[38;2;118;32;83m<[38;2;172;142;167mX[38;2;100;72;74m[[38;2;174;145;149mX[38;2;208;179;183mm[38;2;173;144;146mX[38;2;172;148;148mY[38;2;40;24;22m:[38;2;163;138;143mc[38;2;128;42;45m+[38;2;241;69;91m\[38;2;123;56;55m-[38;2;177;147;175mY[38;2;197;174;178mO[38;2;119;29;89m<[38;2;105;21;69m![38;2;55;16;35m,[38;2;84;32;43m![38;2;67;27;39mI[38;2;84;37;45m[1mJ[38;2;255;255;255m[22m@[38;2;255;194;224mk[38;2;255;196;226mk[38;2;255;192;222mk[38;2;255;255;255m@[38;2;255;255;255m$$$$$$$$$$$$$$$$$$$$
[38;2;255;255;255m[1m$$$$$$$$$$$$$$$$$$$$[38;2;254;255;255m@[38;2;167;46;77m[1m\[38;2;246;77;84m[22mt[38;2;139;30;83m[1m=[38;2;113;31;80m=[38;2;173;48;86m=[38;2;123;34;86m[22m~[38;2;124;33;88m~[38;2;127;72;104m{[38;2;173;143;169mXX[38;2;173;143;168mX[38;2;181;143;170mY[38;2;138;90;114m|[38;2;179;68;98m)[38;2;247;76;84mt[38;2;248;77;85mtt[38;2;248;72;82m/[38;2;237;74;79m/[38;2;140;41;49m+[38;2;212;63;85m)[38;2;216;63;83m)[38;2;206;62;85m)[38;2;176;43;86m][38;2;144;30;71m~[38;2;255;255;255m$$[38;2;255;188;222mb[38;2;243;113;159mc[38;2;255;104;155mv[38;2;253;255;254m@[38;2;255;255;255m$$$$$$$$$$$$$$$$$$$$
[38;2;255;255;255m[1m$$$$$$$$$$$$$$$$$$$$$$[38;2;251;255;254m@[38;2;255;255;255m$$[38;2;255;255;255m@[38;2;254;255;254m@[38;2;255;255;255m@[38;2;171;47;83m][38;2;182;48;81m[[38;2;177;46;88m][38;2;142;39;92m_[38;2;122;28;89m<[38;2;122;28;86m<[38;2;105;34;76m<[38;2;104;38;76m<[38;2;192;69;100m([38;2;246;77;84mt[38;2;247;76;84mttt[38;2;249;75;85mt[38;2;214;61;79m)[38;2;212;60;81m)[38;2;214;62;83m)[38;2;162;34;71m_[38;2;160;40;66m-[38;2;172;43;87m?[38;2;110;19;48m[1ml[38;2;254;255;255m[22m@[38;2;255;99;156mu[38;2;231;176;194mm[38;2;252;255;254m@[38;2;255;255;255m$$$$$$$$$$$$$$$$$$$$
[38;2;255;255;255m[1m$$$$$$$$$$$$$$$$$$$$$$$$$$$$[38;2;254;255;255m@[38;2;255;253;255m@[38;2;155;41;77m-[38;2;247;79;79mt[38;2;243;77;87mt[38;2;247;76;82mt[38;2;208;54;78m{[38;2;173;46;87m][38;2;173;45;92m][38;2;172;44;91m][38;2;123;36;69m~[38;2;243;79;88mt[38;2;246;76;85mt[38;2;247;76;85mt[38;2;251;75;85mt[38;2;215;64;83m([38;2;206;56;81m1[38;2;153;41;79m-[38;2;105;32;75m>[38;2;173;44;90m][38;2;171;46;88m][38;2;172;45;88m][38;2;137;45;74m_[38;2;255;148;187mQ[38;2;253;109;160mc[38;2;255;107;158mc[38;2;255;255;255m$$[38;2;255;253;255m@[38;2;255;254;255m@[38;2;255;255;255m$$$$$$$$$$$$$$$$
[38;2;255;255;255m[1m$$$$$$$$$$$$$$$$$$$$$$$$[38;2;255;254;255m@[38;2;255;255;255m$$[38;2;163;20;38m[1m/[38;2;245;79;89m[22mf[38;2;250;76;86mt[38;2;240;72;87m/[38;2;217;66;73m([38;2;197;56;89m{[38;2;242;76;90mt[38;2;249;75;84mt[38;2;249;75;85mt[38;2;247;76;85mt[38;2;246;74;86mt[38;2;175;45;81m][38;2;107;28;71mi[38;2;118;24;82mi[38;2;113;28;81m>[38;2;102;18;55ml[38;2;176;43;86m][38;2;168;50;98m[[38;2;114;27;70mi[38;2;39;35;48mI[38;2;11;11;23m'[38;2;114;32;78m<[38;2;166;49;102m][38;2;185;20;60m~[38;2;247;223;227m#[38;2;253;250;253mB[38;2;255;255;255m$$[38;2;250;104;153mv[38;2;255;255;255m$$$$$$$$$$$$$$$$$$
[38;2;255;255;255m[1m$$$$$$$$$$$$$$$$$$$$$$$$[38;2;255;255;255m@[38;2;254;255;254m@[38;2;57;80;156m[[38;2;69;111;195m/[38;2;67;111;197m\[38;2;31;44;110mi[38;2;37;44;123mi[38;2;150;32;80m+[38;2;201;58;86m1[38;2;211;60;93m)[38;2;137;82;25m1[38;2;157;95;22m|[38;2;10;1;0m [38;2;35;31;44m;[38;2;38;32;46mI[38;2;40;30;45m;[38;2;18;8;21m'[38;2;12;0;8m [38;2;100;37;69m<[38;2;168;63;86m{[38;2;187;48;67m[[38;2;145;40;94m_[38;2;77;86;153m{[38;2;67;109;195m\[38;2;75;90;169m1[38;2;161;35;96m_[38;2;174;47;88m][38;2;187;94;125m[1m\[38;2;251;255;253m[22m@[38;2;251;103;153mv[38;2;254;252;252m@[38;2;255;255;255m$$$$$$$$$$$$$$$$
[38;2;255;255;255m[1m$$$$$$$$$$$$$$$$$$$$$$$$[38;2;255;255;255m@[38;2;67;67;101m-[38;2;67;111;197m\[38;2;67;111;200m/[38;2;66;112;197m/[38;2;35;44;123mi[38;2;37;45;118mi[38;2;37;44;120mi[38;2;34;46;118mi[38;2;31;40;93m![38;2;157;38;82m_[38;2;206;61;82m)[38;2;212;60;83m[1m=[38;2;104;26;63m\[38;2;109;26;80m[22mi[38;2;119;30;82m<[38;2;201;64;98m)[38;2;208;60;86m)[38;2;122;38;77m~[38;2;27;47;124mi[38;2;65;109;196m\[38;2;67;111;200m/////[38;2;69;98;154m)[38;2;169;47;86m][38;2;138;32;66m~[38;2;255;254;255m@[38;2;255;255;255m$$$$$$$$$$$$$$$$$$
[38;2;255;255;255m[1m$$$$$$$$$$$$$$$$$$$$$$$$[38;2;251;255;255m@[38;2;255;254;255m@[38;2;140;105;85m[1m\[38;2;145;107;84m[22mt[38;2;110;48;47m[1m=[38;2;115;49;49m=[38;2;115;51;50m=[38;2;113;51;54m=[38;2;112;50;53m=[38;2;89;32;37m=[38;2;87;28;44m/[38;2;209;199;199m[22md[38;2;255;255;255m$$[38;2;227;227;227m#[38;2;107;48;68m[1m\[38;2;134;37;70m/[38;2;253;255;255m[22m@[38;2;61;33;33m[1m\[38;2;91;47;42m=[38;2;69;62;96m=[38;2;73;106;185m=[38;2;67;112;201m[22m/[38;2;66;109;201m\[38;2;71;107;191m\[38;2;70;106;180m|[38;2;114;73;81m}[38;2;144;108;94m[1m/[38;2;255;255;255m[22m$$$$$$$$$$$$$$$$$$$$$$$$
[38;2;255;255;255m[1m$$$$$$$$$$$$$$$$$$$$$$$$$$$$$$$$$$$$$$$$$$$$$$$$$$$$$$$$$$$$$$$$$$[38;2;255;255;255m@@@@@[38;2;255;255;255m$$$$$$$$$$$$$$$$$$$$$$$$$$
[38;2;255;255;255m[1m$$$$$$$$$$$$$$$$$$$$$$$$$$$$$$$$$$$$$$$$$$$$$$$$$$$$$$$$$$$$$$$$$$$$$$$$$$$$$$$$$$$$$$$$$$$$$$$$$$$$$$
[38;2;255;255;255m[1m$$$$$$$$$$$$$$$$$$$$$$$$$$$$$$$$$$$$$$$$$$$$$$$$$$$$$$$$$$$$$$$$$$$$$$$$$$$$$$$$$$$$$$$$$$$$$$$$$$$$$$
[38;2;255;255;255m[1m$$$$$$$$$$$$$$$$$$$$$$$$$$$$$$$$$$$$$$$$$$$$$$$$$$$$$$$$$$$$$$$$$$$$$$$$$$$$$$$$$$$$$$$$$$$$$$$$$$$$$$
